(19)

(12)

(21) 202011199836 .0
(22) 2020 .10 .30
(71)   523863  168
(72) 
(74)   11319
 
(51)Int .Cl . G06F 3/0481(2013 .01) G06F 3/0484 (2013 .01) G06F 3/0488 (2013 .01)

(10) CN 112306325 A (43) 2021.02.02

(54) 
(57) 
                                             

2 14 15

CN 112306325 A

CN 112306325 A



1/2 

1 .                       2 .1            3 .2                    4 .1   5 .1   6 .                             

2

CN 112306325 A



2/2 

7 .6                8 .7                                    9 .6   10 .6  

3

CN 112306325 A



1/14 



 [0001] 

 [0002]   [0003]    [0004]        

 [0005]   [0006]  [0007]  [0008]  [0009]     [0010]  [0011]   [0012]  [0013]     [0014]   [0015]  [0016]       

4

CN 112306325 A



2/14 

 [0017]         [0018]   [0019]   [0020]  [0021]  [0022]        [0023]  [0024]         [0025]  [0026]    [0027]   [0028]                                     [0029]   [0030]   [0031]    [0032] 

5

CN 112306325 A



3/14 

 [0033]         [0034]                        

 [0035] 1 [0036] 2 [0037] 3 [0038] 4   [0039] 5 [0040] 6 [0041] 7 [0042] 8 [0043] 9 [0044] 10NFC [0045] 11 [0046] 12 [0047] 13 [0048] 14 [0049] 15 [0050] 16 [0051] 17

 [0052]          [0053] """"

6

CN 112306325 A



4/14 

     "" ""       "/"     "/""" [0054]   [0055]  [0056]   [0057]  (Near Field CommunicationNFC) NFC         [0058]           [0059]  [0060]   [0061]   [0062]  [0063]    [0064]  [0065]  [0066]   [0067]                   

7

CN 112306325 A



5/14 

[0068] 1 [0069] 101 [0070]  [0071]  NFC NFC [0072] 102 [0073]      [0074]              2212212 3       2 21  21 3222 21 [0075] 103 [0076]   [0077] 104  [0078]    [0079]          

8

CN 112306325 A



6/14 

         [0080]  [0081]     [0082]               ID () 4    1 2 3  4 41 42  ID  41        [0083]                                             [0084]                                 5      551 52 5354  [0085]   [0086]   [0087] 

9

CN 112306325 A



7/14 

[0088]           [0089]           [0090]                             6   63   616264  [0091]   [0092]   [0093]          [0094] 7 [0095] 701 [0096]    [0097] 702 [0098]                         [0099] 703 [0100]  [0101] 704 [0102]     A   B   A AB [0103]  

10

CN 112306325 A



8/14 

[0104]   [0105]  NFC   NFC   NFC                 NFC   NFC [0106] 88182 NFC   [0107]  [0108] 9 [0109] 901 [0110]   [0111] 902 [0112]   [0113] 903 [0114] 904NFC905 907 [0115] 905/ [0116] NFCNFC             [0117] 906 [0118] 907  [0119]    [0120]  [0121] NFC

11

CN 112306325 A



9/14 

[0122]              NFC NFC  10  NFC    [0123] 1001NFC [0124] 1002NFC [0125] 1003NFC1005 1004NFCNFC [0126] 1004NFCNFC  [0127] 1005NFC  [0128] 11 [0129] 1101NFC [0130] 1102 [0131] 1103 [0132] 11041105 [0133] 1105  [0134]                             [0135]  NFC  [0136]  12 [0137] 1201 [0138]                             

12

CN 112306325 A



10/14 

 13 [0139] 1202 [0140]   [0141] 1203 [0142]  [0143] 1204 [0144]   [0145]   [0146]         14    [0147] 1401 14051402 [0148] 1402 [0149] 1403  [0150] 1404  [0151] 1405  [0152]  [0153]  [0154]  [0155]   [0156]         [0157] 15 [0158] 1501 [0159] 1502        

13

CN 112306325 A



11/14 

[0160] 1503 [0161] 1504  [0162] 1502 [0163]   [0164]   [0165]                          [0166]   [0167]   [0168]                    [0169]                  (ultra-mobile personal computerUMPC)(personal digital assistantPDA)(Network Attached StorageNAS)(personal computerPC)(televisionTV)  [0170]  (Android)iOS  [0171] 114 

14

CN 112306325 A



12/14 

[0172] 1616001602 1601 16011602   1602          [0173]   [0174] 17 [0175]  1700 17011702 170317041705170617071708 17091710 [0176] 1700( ) 1710    17     [0177]  [0178] 17011702 [0179] 1706    [0180] 1707 [0181] 1710  [0182]                    [0183] 1706             [0184]   [0185]   1704 (Graphics

15

CN 112306325 A



13/14 

Processing UnitGPU)170411704217041 () 170617061  1 7 0 61    1 7 07      1 7 0 71     1 7 07 2     1707117071 17072   ( )  1709 1710  1710 [0186]          [0187]  (Read-Only MemoryROM) (Random Access MemoryRAM) [0188]          [0189]   [0190] """"        "......"              [0191]                      (ROM/RAM)     (    ) [0192]             

16

CN 112306325 A




14/14 

17

CN 112306325 A



1/15 

1

18

CN 112306325 A



2/15 

2
19

CN 112306325 A



3/15 

3
20

CN 112306325 A



4/15 

4
21

CN 112306325 A



5/15 

5
22

CN 112306325 A



6/15 

6
23

CN 112306325 A



7/15 

7

24

CN 112306325 A



8/15 

8
25

CN 112306325 A



9/15 

9
26

CN 112306325 A



10/15 

10
27

CN 112306325 A



11/15 

11
28

CN 112306325 A



12/15 

12

29

CN 112306325 A



13/15 

13
30

CN 112306325 A



14/15 

14
15
31

CN 112306325 A



15/15 

16

17
32

